20230303-173951
Ley de Fitts [ 1D - Original - Completo - Secuencial ] ( Full HD (1080p) )
15
IDTest,IDRepetition,A(pixels),W(pixels),H(pixels),MT(ms),X(pixels),Y(pixels),XTarget(pixels),YTarget(pixels),Correct
1,1,256,128,810,898,873,455,832,540,1
1,2,256,128,810,525,1087,509,1088,540,1
1,3,256,128,810,614,883,487,832,540,1
1,4,256,128,810,470,1078,496,1088,540,1
1,5,256,128,810,724,787,490,832,540,1
1,6,256,128,810,494,1095,522,1088,540,1
1,7,256,128,810,541,865,511,832,540,1
1,8,256,128,810,462,1068,538,1088,540,1
1,9,256,128,810,573,881,533,832,540,1
1,10,256,128,810,621,1054,552,1088,540,1
1,11,256,128,810,510,823,533,832,540,1
1,12,256,128,810,477,1044,550,1088,540,1
1,13,256,128,810,414,845,543,832,540,1
1,14,256,128,810,525,1112,541,1088,540,1
1,15,256,128,810,718,881,524,832,540,1
2,1,1024,32,810,1620,460,546,448,540,1
2,2,1024,32,810,1006,1481,577,1472,540,1
2,3,1024,32,810,901,435,552,448,540,1
2,4,1024,32,810,1021,1458,556,1472,540,1
2,5,1024,32,810,750,439,554,448,540,1
2,6,1024,32,810,1109,1481,575,1472,540,1
2,7,1024,32,810,1078,439,577,448,540,1
2,8,1024,32,810,1221,1482,608,1472,540,1
2,9,1024,32,810,926,456,564,448,540,1
2,10,1024,32,810,933,1463,560,1472,540,1
2,11,1024,32,810,934,433,528,448,540,1
2,12,1024,32,810,871,1465,542,1472,540,1
2,13,1024,32,810,829,439,551,448,540,1
2,14,1024,32,810,1374,1464,577,1472,540,1
2,15,1024,32,810,1189,438,523,448,540,1
3,1,1024,64,810,1091,470,540,448,540,1
3,2,1024,64,810,973,1480,572,1472,540,1
3,3,1024,64,810,725,457,554,448,540,1
3,4,1024,64,810,1165,1477,572,1472,540,1
3,5,1024,64,810,1005,437,546,448,540,1
3,6,1024,64,810,1021,1487,575,1472,540,1
3,7,1024,64,810,646,450,518,448,540,1
3,8,1024,64,810,717,1454,581,1472,540,1
3,9,1024,64,810,718,468,527,448,540,1
3,10,1024,64,810,766,1448,556,1472,540,1
3,11,1024,64,810,941,454,519,448,540,1
3,12,1024,64,810,1214,1480,543,1472,540,1
3,13,1024,64,810,605,445,530,448,540,1
3,14,1024,64,810,941,1456,582,1472,540,1
3,15,1024,64,810,942,448,572,448,540,1
4,1,256,16,810,900,828,529,832,540,1
4,2,256,16,810,1182,1089,521,1088,540,1
4,3,256,16,810,1117,831,513,832,540,1
4,4,256,16,810,1077,1082,517,1088,540,1
4,5,256,16,810,1262,830,488,832,540,1
4,6,256,16,810,758,1085,529,1088,540,1
4,7,256,16,810,614,828,516,832,540,1
4,8,256,16,810,757,1084,531,1088,540,1
4,9,256,16,810,693,830,491,832,540,1
4,10,256,16,810,717,1086,510,1088,540,1
4,11,256,16,810,782,829,492,832,540,1
4,12,256,16,810,837,1083,515,1088,540,1
4,13,256,16,810,685,830,499,832,540,1
4,14,256,16,810,790,1089,491,1088,540,1
4,15,256,16,810,1157,833,472,832,540,1
5,1,512,32,810,781,708,531,704,540,1
5,2,512,32,810,757,1213,520,1216,540,1
5,3,512,32,810,902,694,513,704,540,1
5,4,512,32,810,829,1208,543,1216,540,1
5,5,512,32,810,869,705,516,704,540,1
5,6,512,32,810,886,1223,541,1216,540,1
5,7,512,32,810,742,698,510,704,540,1
5,8,512,32,810,820,1217,530,1216,540,1
5,9,512,32,810,910,711,506,704,540,1
5,10,512,32,810,829,1213,517,1216,540,1
5,11,512,32,810,662,705,493,704,540,1
5,12,512,32,810,654,1210,535,1216,540,1
5,13,512,32,810,726,695,480,704,540,1
5,14,512,32,810,1109,1214,521,1216,540,1
5,15,512,32,810,661,710,525,704,540,1
6,1,128,128,810,674,916,519,896,540,1
6,2,128,128,810,405,1022,539,1024,540,1
6,3,128,128,810,525,873,527,896,540,1
6,4,128,128,810,452,1022,553,1024,540,1
6,5,128,128,810,693,920,541,896,540,1
6,6,128,128,810,573,972,543,1024,540,1
6,7,128,128,810,421,891,537,896,540,1
6,8,128,128,810,477,1020,549,1024,540,1
6,9,128,128,810,525,908,547,896,540,1
6,10,128,128,810,453,1014,558,1024,540,1
6,11,128,128,810,381,910,542,896,540,1
6,12,128,128,810,365,1016,551,1024,540,1
6,13,128,128,810,358,916,551,896,540,1
6,14,128,128,810,397,1021,560,1024,540,1
6,15,128,128,810,405,916,558,896,540,1
7,1,1024,16,810,1162,449,545,448,540,1
7,2,1024,16,810,1324,1473,559,1472,540,1
7,3,1024,16,810,757,445,576,448,540,1
7,4,1024,16,810,1576,1470,596,1472,540,1
7,5,1024,16,810,1237,441,578,448,540,1
7,6,1024,16,810,1277,1465,512,1472,540,1
7,7,1024,16,810,853,441,515,448,540,1
7,8,1024,16,810,822,1476,528,1472,540,1
7,9,1024,16,810,821,447,546,448,540,1
7,10,1024,16,810,1253,1470,543,1472,540,1
7,11,1024,16,810,1084,453,547,448,540,1
7,12,1024,16,810,1245,1466,553,1472,540,1
7,13,1024,16,810,1198,441,563,448,540,1
7,14,1024,16,810,1060,1476,571,1472,540,1
7,15,1024,16,810,854,446,588,448,540,1
8,1,128,32,810,737,892,525,896,540,1
8,2,128,32,810,693,1015,536,1024,540,1
8,3,128,32,810,574,892,540,896,540,1
8,4,128,32,810,652,1030,540,1024,540,1
8,5,128,32,810,541,887,535,896,540,1
8,6,128,32,810,566,1017,546,1024,540,1
8,7,128,32,810,531,899,540,896,540,1
8,8,128,32,810,637,1023,554,1024,540,1
8,9,128,32,810,613,891,552,896,540,1
8,10,128,32,810,462,1022,548,1024,540,1
8,11,128,32,810,573,902,539,896,540,1
8,12,128,32,810,453,1023,555,1024,540,1
8,13,128,32,810,605,903,547,896,540,1
8,14,128,32,810,518,1024,560,1024,540,1
8,15,128,32,810,479,901,559,896,540,1
9,1,128,16,810,883,895,541,896,540,1
9,2,128,16,810,982,1023,566,1024,540,1
9,3,128,16,810,645,899,565,896,540,1
9,4,128,16,810,965,1031,573,1024,540,1
9,5,128,16,810,749,892,564,896,540,1
9,6,128,16,810,709,1018,575,1024,540,1
9,7,128,16,810,925,894,566,896,540,1
9,8,128,16,810,861,1021,586,1024,540,1
9,9,128,16,810,909,896,573,896,540,1
9,10,128,16,810,709,1024,597,1024,540,1
9,11,128,16,810,958,894,577,896,540,1
9,12,128,16,810,854,1021,591,1024,540,1
9,13,128,16,810,861,897,586,896,540,1
9,14,128,16,810,790,1020,601,1024,540,1
9,15,128,16,810,853,896,592,896,540,1
10,1,1024,128,810,890,488,549,448,540,1
10,2,1024,128,810,669,1430,622,1472,540,1
10,3,1024,128,810,717,405,551,448,540,1
10,4,1024,128,810,566,1481,523,1472,540,1
10,5,1024,128,810,558,444,585,448,540,1
10,6,1024,128,810,485,1494,571,1472,540,1
10,7,1024,128,810,542,472,599,448,540,1
10,8,1024,128,810,653,1413,596,1472,540,1
10,9,1024,128,810,678,431,566,448,540,1
10,10,1024,128,810,613,1453,577,1472,540,1
10,11,1024,128,810,502,416,634,448,540,1
10,12,1024,128,810,549,1445,629,1472,540,1
10,13,1024,128,810,509,466,622,448,540,1
10,14,1024,128,810,541,1432,674,1472,540,1
10,15,1024,128,810,613,483,654,448,540,1
11,1,256,32,810,867,814,574,832,540,0
11,2,256,32,810,677,1102,603,1088,540,1
11,3,256,32,810,566,834,601,832,540,1
11,4,256,32,810,492,1096,629,1088,540,1
11,5,256,32,810,469,833,629,832,540,1
11,6,256,32,810,813,1082,632,1088,540,1
11,7,256,32,810,686,839,622,832,540,1
11,8,256,32,810,500,1080,635,1088,540,1
11,9,256,32,810,685,829,620,832,540,1
11,10,256,32,810,613,1081,643,1088,540,1
11,11,256,32,810,549,822,650,832,540,1
11,12,256,32,810,478,1084,652,1088,540,1
11,13,256,32,810,557,844,642,832,540,1
11,14,256,32,810,725,1091,642,1088,540,1
11,15,256,32,810,765,829,638,832,540,1
12,1,512,128,810,451,730,588,704,540,1
12,2,512,128,810,405,1187,609,1216,540,1
12,3,512,128,810,533,740,582,704,540,1
12,4,512,128,810,513,1165,644,1216,540,1
12,5,512,128,810,389,740,649,704,540,1
12,6,512,128,810,461,1208,643,1216,540,1
12,7,512,128,810,573,728,618,704,540,1
12,8,512,128,810,438,1208,662,1216,540,1
12,9,512,128,810,598,746,635,704,540,1
12,10,512,128,810,629,1220,674,1216,540,1
12,11,512,128,810,550,696,625,704,540,1
12,12,512,128,810,445,1244,673,1216,540,1
12,13,512,128,810,614,666,639,704,540,1
12,14,512,128,810,413,1207,701,1216,540,1
12,15,512,128,810,781,693,655,704,540,1
13,1,256,64,810,643,823,584,832,540,1
13,2,256,64,810,622,1090,605,1088,540,1
13,3,256,64,810,645,851,609,832,540,1
13,4,256,64,810,511,1067,639,1088,540,1
13,5,256,64,810,725,847,615,832,540,1
13,6,256,64,810,693,1102,620,1088,540,1
13,7,256,64,810,741,839,608,832,540,1
13,8,256,64,810,709,1074,638,1088,540,1
13,9,256,64,810,645,843,612,832,540,1
13,10,256,64,810,581,1100,610,1088,540,1
13,11,256,64,810,707,842,577,832,540,1
13,12,256,64,810,569,1086,623,1088,540,1
13,13,256,64,810,556,839,617,832,540,1
13,14,256,64,810,485,1097,656,1088,540,1
13,15,256,64,810,663,834,601,832,540,1
14,1,128,64,810,666,880,582,896,540,1
14,2,128,64,810,653,1035,603,1024,540,1
14,3,128,64,810,549,919,582,896,540,1
14,4,128,64,810,509,997,616,1024,540,1
14,5,128,64,810,533,922,606,896,540,1
14,6,128,64,810,444,1024,619,1024,540,1
14,7,128,64,810,541,909,601,896,540,1
14,8,128,64,810,390,1039,612,1024,540,1
14,9,128,64,810,460,915,606,896,540,1
14,10,128,64,810,454,1024,620,1024,540,1
14,11,128,64,810,518,920,608,896,540,1
14,12,128,64,810,373,1050,624,1024,540,1
14,13,128,64,810,686,909,610,896,540,1
14,14,128,64,810,557,1009,635,1024,540,1
14,15,128,64,810,558,908,620,896,540,1
15,1,512,16,810,867,702,575,704,540,1
15,2,512,16,810,830,1216,614,1216,540,1
15,3,512,16,810,1237,710,540,704,540,1
15,4,512,16,810,1117,1221,602,1216,540,1
15,5,512,16,810,781,701,578,704,540,1
15,6,512,16,810,883,1213,617,1216,540,1
15,7,512,16,810,904,702,577,704,540,1
15,8,512,16,810,1588,1214,591,1216,540,1
15,9,512,16,810,780,704,583,704,540,1
15,10,512,16,810,791,1210,602,1216,540,1
15,11,512,16,810,1094,700,580,704,540,1
15,12,512,16,810,821,1213,582,1216,540,1
15,13,512,16,810,1149,704,556,704,540,1
15,14,512,16,810,645,1210,595,1216,540,1
15,15,512,16,810,765,698,589,704,540,1
16,1,512,64,810,650,692,534,704,540,1
16,2,512,64,810,1214,1243,602,1216,540,1
16,3,512,64,810,654,692,619,704,540,1
16,4,512,64,810,837,1231,597,1216,540,1
16,5,512,64,810,541,730,637,704,540,1
16,6,512,64,810,876,1206,633,1216,540,1
16,7,512,64,810,645,717,620,704,540,1
16,8,512,64,810,510,1213,645,1216,540,1
16,9,512,64,810,492,721,650,704,540,1
16,10,512,64,810,581,1209,658,1216,540,1
16,11,512,64,810,573,708,617,704,540,1
16,12,512,64,810,580,1206,645,1216,540,1
16,13,512,64,810,838,715,609,704,540,1
16,14,512,64,810,645,1196,609,1216,540,1
16,15,512,64,810,526,718,609,704,540,1
