20230303-152719
Ley de Fitts [ 1D - Original - Completo - Secuencial ] ( Full HD (1080p) )
15
IDTest,IDRepetition,A(pixels),W(pixels),H(pixels),MT(ms),X(pixels),Y(pixels),XTarget(pixels),YTarget(pixels),Correct
1,1,1024,128,810,649,501,469,448,540,1
1,2,1024,128,810,633,1499,464,1472,540,1
1,3,1024,128,810,587,456,479,448,540,1
1,4,1024,128,810,597,1456,492,1472,540,1
1,5,1024,128,810,620,499,516,448,540,1
1,6,1024,128,810,662,1491,500,1472,540,1
1,7,1024,128,810,557,439,546,448,540,1
1,8,1024,128,810,486,1437,529,1472,540,1
1,9,1024,128,810,381,478,520,448,540,1
1,10,1024,128,810,615,1447,511,1472,540,1
1,11,1024,128,810,566,483,522,448,540,1
1,12,1024,128,810,669,1434,496,1472,540,1
1,13,1024,128,810,566,462,539,448,540,1
1,14,1024,128,810,461,1475,548,1472,540,1
1,15,1024,128,810,565,450,540,448,540,1
2,1,512,128,810,379,747,551,704,540,1
2,2,512,128,810,398,1172,541,1216,540,1
2,3,512,128,810,685,676,569,704,540,1
2,4,512,128,810,565,1196,551,1216,540,1
2,5,512,128,810,661,734,569,704,540,1
2,6,512,128,810,373,1226,566,1216,540,1
2,7,512,128,810,457,775,597,704,540,0
2,8,512,128,810,491,1181,611,1216,540,1
2,9,512,128,810,380,695,615,704,540,1
2,10,512,128,810,391,1236,596,1216,540,1
2,11,512,128,810,428,748,601,704,540,1
2,12,512,128,810,406,1201,578,1216,540,1
2,13,512,128,810,525,687,577,704,540,1
2,14,512,128,810,437,1156,561,1216,540,1
2,15,512,128,810,517,718,581,704,540,1
3,1,512,64,810,570,701,563,704,540,1
3,2,512,64,810,567,1217,552,1216,540,1
3,3,512,64,810,604,722,551,704,540,1
3,4,512,64,810,470,1213,547,1216,540,1
3,5,512,64,810,685,712,575,704,540,1
3,6,512,64,810,510,1202,552,1216,540,1
3,7,512,64,810,581,717,545,704,540,1
3,8,512,64,810,430,1234,545,1216,540,1
3,9,512,64,810,572,726,545,704,540,1
3,10,512,64,810,558,1196,545,1216,540,1
3,11,512,64,810,534,720,548,704,540,1
3,12,512,64,810,438,1213,552,1216,540,1
3,13,512,64,810,388,705,570,704,540,1
3,14,512,64,810,382,1259,567,1216,540,0
3,15,512,64,810,469,767,570,704,540,0
4,1,256,32,810,698,833,530,832,540,1
4,2,256,32,810,573,1085,551,1088,540,1
4,3,256,32,810,598,846,541,832,540,1
4,4,256,32,810,574,1083,556,1088,540,1
4,5,256,32,810,524,834,559,832,540,1
4,6,256,32,810,590,1086,560,1088,540,1
4,7,256,32,810,583,832,559,832,540,1
4,8,256,32,810,437,1088,583,1088,540,1
4,9,256,32,810,580,826,561,832,540,1
4,10,256,32,810,430,1077,566,1088,540,1
4,11,256,32,810,533,824,566,832,540,1
4,12,256,32,810,502,1077,560,1088,540,1
4,13,256,32,810,581,841,576,832,540,1
4,14,256,32,810,452,1097,596,1088,540,1
4,15,256,32,810,414,830,596,832,540,1
5,1,256,128,810,344,884,556,832,540,1
5,2,256,128,810,284,1004,557,1088,540,0
5,3,256,128,810,581,904,568,832,540,0
5,4,256,128,810,461,1058,564,1088,540,1
5,5,256,128,810,388,829,595,832,540,1
5,6,256,128,810,318,1093,582,1088,540,1
5,7,256,128,810,365,867,590,832,540,1
5,8,256,128,810,325,1044,578,1088,540,1
5,9,256,128,810,356,902,597,832,540,0
5,10,256,128,810,454,1106,597,1088,540,1
5,11,256,128,810,396,806,612,832,540,1
5,12,256,128,810,509,1075,616,1088,540,1
5,13,256,128,810,382,886,616,832,540,1
5,14,256,128,810,366,1073,609,1088,540,1
5,15,256,128,810,438,882,615,832,540,1
6,1,1024,16,810,963,446,551,448,540,1
6,2,1024,16,810,1126,1470,529,1472,540,1
6,3,1024,16,810,781,451,514,448,540,1
6,4,1024,16,810,557,1478,522,1472,540,1
6,5,1024,16,810,1038,443,551,448,540,1
6,6,1024,16,810,1021,1473,524,1472,540,1
6,7,1024,16,810,861,444,528,448,540,1
6,8,1024,16,810,861,1485,525,1472,540,0
6,9,1024,16,810,1165,444,549,448,540,1
6,10,1024,16,810,1301,1473,512,1472,540,1
6,11,1024,16,810,910,447,577,448,540,1
6,12,1024,16,810,709,1475,572,1472,540,1
6,13,1024,16,810,918,449,603,448,540,1
6,14,1024,16,810,555,1472,603,1472,540,1
6,15,1024,16,810,1172,444,630,448,540,1
7,1,1024,64,810,842,429,553,448,540,1
7,2,1024,64,810,700,1466,531,1472,540,1
7,3,1024,64,810,622,489,583,448,540,0
7,4,1024,64,810,605,1494,567,1472,540,1
7,5,1024,64,810,501,418,572,448,540,1
7,6,1024,64,810,645,1479,573,1472,540,1
7,7,1024,64,810,608,447,573,448,540,1
7,8,1024,64,810,636,1500,545,1472,540,1
7,9,1024,64,810,773,481,578,448,540,0
7,10,1024,64,810,700,1504,578,1472,540,0
7,11,1024,64,810,1038,520,622,448,540,0
7,12,1024,64,810,1037,1474,554,1472,540,1
7,13,1024,64,810,840,442,578,448,540,1
7,14,1024,64,810,757,1465,539,1472,540,1
7,15,1024,64,810,773,432,550,448,540,1
8,1,128,64,810,529,900,569,896,540,1
8,2,128,64,810,357,1038,569,1024,540,1
8,3,128,64,810,710,898,596,896,540,1
8,4,128,64,810,531,1037,580,1024,540,1
8,5,128,64,810,487,922,602,896,540,1
8,6,128,64,810,365,1015,602,1024,540,1
8,7,128,64,810,356,901,605,896,540,1
8,8,128,64,810,350,1009,608,1024,540,1
8,9,128,64,810,372,928,617,896,540,0
8,10,128,64,810,412,1008,616,1024,540,1
8,11,128,64,810,448,915,620,896,540,1
8,12,128,64,810,348,1003,627,1024,540,1
8,13,128,64,810,390,906,626,896,540,1
8,14,128,64,810,371,1019,627,1024,540,1
8,15,128,64,810,365,923,623,896,540,1
9,1,512,32,810,714,712,546,704,540,1
9,2,512,32,810,694,1228,548,1216,540,1
9,3,512,32,810,757,707,541,704,540,1
9,4,512,32,810,804,1228,542,1216,540,1
9,5,512,32,810,742,711,582,704,540,1
9,6,512,32,810,671,1204,585,1216,540,1
9,7,512,32,810,797,706,607,704,540,1
9,8,512,32,810,827,1211,643,1216,540,1
9,9,512,32,810,734,715,652,704,540,1
9,10,512,32,810,502,1226,614,1216,540,1
9,11,512,32,810,487,702,610,704,540,1
9,12,512,32,810,445,1218,608,1216,540,1
9,13,512,32,810,581,697,607,704,540,1
9,14,512,32,810,605,1216,603,1216,540,1
9,15,512,32,810,790,701,604,704,540,1
10,1,1024,32,810,930,435,613,448,540,1
10,2,1024,32,810,916,1467,516,1472,540,1
10,3,1024,32,810,764,467,488,448,540,0
10,4,1024,32,810,1254,1466,453,1472,540,1
10,5,1024,32,810,741,440,474,448,540,1
10,6,1024,32,810,845,1474,466,1472,540,1
10,7,1024,32,810,893,452,494,448,540,1
10,8,1024,32,810,773,1479,488,1472,540,1
10,9,1024,32,810,724,444,530,448,540,1
10,10,1024,32,810,710,1464,525,1472,540,1
10,11,1024,32,810,838,434,520,448,540,1
10,12,1024,32,810,748,1474,514,1472,540,1
10,13,1024,32,810,950,459,511,448,540,1
10,14,1024,32,810,740,1476,508,1472,540,1
10,15,1024,32,810,797,447,515,448,540,1
11,1,512,16,810,978,703,536,704,540,1
11,2,512,16,810,1085,1216,528,1216,540,1
11,3,512,16,810,590,701,531,704,540,1
11,4,512,16,810,877,1221,532,1216,540,1
11,5,512,16,810,846,708,562,704,540,1
11,6,512,16,810,804,1214,553,1216,540,1
11,7,512,16,810,845,708,560,704,540,1
11,8,512,16,810,543,1209,560,1216,540,1
11,9,512,16,810,893,704,576,704,540,1
11,10,512,16,810,758,1213,547,1216,540,1
11,11,512,16,810,1174,705,552,704,540,1
11,12,512,16,810,876,1216,580,1216,540,1
11,13,512,16,810,668,701,585,704,540,1
11,14,512,16,810,820,1214,576,1216,540,1
11,15,512,16,810,1272,704,594,704,540,1
12,1,128,32,810,642,889,543,896,540,1
12,2,128,32,810,661,1004,541,1024,540,0
12,3,128,32,810,453,894,539,896,540,1
12,4,128,32,810,629,1032,538,1024,540,1
12,5,128,32,810,461,892,556,896,540,1
12,6,128,32,810,541,1017,555,1024,540,1
12,7,128,32,810,444,917,555,896,540,0
12,8,128,32,810,551,1014,555,1024,540,1
12,9,128,32,810,596,894,574,896,540,1
12,10,128,32,810,447,1013,573,1024,540,1
12,11,128,32,810,467,907,573,896,540,1
12,12,128,32,810,461,1014,575,1024,540,1
12,13,128,32,810,526,910,589,896,540,1
12,14,128,32,810,773,1009,589,1024,540,1
12,15,128,32,810,485,903,598,896,540,1
13,1,128,128,810,532,869,556,896,540,1
13,2,128,128,810,412,958,548,1024,540,0
13,3,128,128,810,405,902,550,896,540,1
13,4,128,128,810,397,998,550,1024,540,1
13,5,128,128,810,398,906,550,896,540,1
13,6,128,128,810,342,1013,550,1024,540,1
13,7,128,128,810,437,894,560,896,540,1
13,8,128,128,810,614,972,560,1024,540,1
13,9,128,128,810,469,874,575,896,540,1
13,10,128,128,810,389,1000,572,1024,540,1
13,11,128,128,810,526,902,572,896,540,1
13,12,128,128,810,532,990,572,1024,540,1
13,13,128,128,810,374,905,566,896,540,1
13,14,128,128,810,381,988,568,1024,540,1
13,15,128,128,810,428,888,577,896,540,1
14,1,128,16,810,650,896,561,896,540,1
14,2,128,16,810,749,1018,559,1024,540,1
14,3,128,16,810,437,895,544,896,540,1
14,4,128,16,810,630,1024,551,1024,540,1
14,5,128,16,810,815,901,529,896,540,1
14,6,128,16,810,701,1029,537,1024,540,1
14,7,128,16,810,837,897,544,896,540,1
14,8,128,16,810,479,1018,546,1024,540,1
14,9,128,16,810,666,896,542,896,540,1
14,10,128,16,810,909,1023,535,1024,540,1
14,11,128,16,810,726,892,534,896,540,1
14,12,128,16,810,708,1021,536,1024,540,1
14,13,128,16,810,643,898,538,896,540,1
14,14,128,16,810,548,1026,545,1024,540,1
14,15,128,16,810,453,886,542,896,540,0
15,1,256,16,810,827,834,536,832,540,1
15,2,256,16,810,717,1088,544,1088,540,1
15,3,256,16,810,685,835,532,832,540,1
15,4,256,16,810,734,1089,532,1088,540,1
15,5,256,16,810,550,838,532,832,540,1
15,6,256,16,810,733,1085,534,1088,540,1
15,7,256,16,810,620,831,543,832,540,1
15,8,256,16,810,780,1087,551,1088,540,1
15,9,256,16,810,558,830,552,832,540,1
15,10,256,16,810,715,1095,552,1088,540,1
15,11,256,16,810,838,837,548,832,540,1
15,12,256,16,810,677,1091,559,1088,540,1
15,13,256,16,810,492,840,559,832,540,0
15,14,256,16,810,749,1083,561,1088,540,1
15,15,256,16,810,829,834,562,832,540,1
16,1,256,64,810,610,835,552,832,540,1
16,2,256,64,810,453,1093,545,1088,540,1
16,3,256,64,810,406,851,566,832,540,1
16,4,256,64,810,437,1059,566,1088,540,1
16,5,256,64,810,581,839,583,832,540,1
16,6,256,64,810,405,1066,577,1088,540,1
16,7,256,64,810,517,816,576,832,540,1
16,8,256,64,810,476,1077,575,1088,540,1
16,9,256,64,810,414,818,577,832,540,1
16,10,256,64,810,387,1049,573,1088,540,0
16,11,256,64,810,615,847,579,832,540,1
16,12,256,64,810,492,1078,576,1088,540,1
16,13,256,64,810,637,841,590,832,540,1
16,14,256,64,810,540,1051,591,1088,540,0
16,15,256,64,810,397,855,595,832,540,1
